100 100
-406888 -757881 984023 -516909 -501160 -543473 -788188 -20981 901906 783046 -533160 -283785 379537 -229525 -883288 833454 461418 -772367 763441 262251 -455126 -734370 -241886 -251511 -251408 -351190 497577 360231 -524386 591070 -656294 7867 -101417 -407515 -391063 771925 678379 -296259 -524517 476781 4779 110723 885168 -596965 267996 97038 734579 39286 880420 -302435 501530 -950761 399150 -702342 935932 -736296 988802 415835 -96357 418144 -858261 223497 -414412 343814 -695291 -104968 -165027 392155 -737422 -243348 208236 -799936 -234384 920514 790772 -855132 935590 -961399 93770 959147 -450353 -703044 184461 -482596 793523 -568943 -186533 159825 104157 951504 -456695 -453982 -89112 940151 -196573 -949006 -503173 776088 11733 417218
28 32
38 90
3 53
63 76
33 34
93 97
17 87
5 91
26 33
45 89
11 52
35 52
39 75
54 69
63 95
72 90
21 68
35 64
55 68
28 88
15 55
29 86
4 64
30 72
1 47
3 38
54 56
37 93
9 51
16 41
3 43
35 91
1 63
28 97
21 70
10 12
29 58
54 70
68 73
39 95
1 23
46 65
61 98
59 84
92 97
2 67
45 70
69 82
51 65
3 34
80 92
10 55
45 100
39 52
70 81
10 47
23 83
42 54
63 89
89 89
33 62
14 41
55 99
63 88
38 51
55 93
13 55
69 93
29 83
5 97
12 92
4 11
18 32
25 39
57 96
31 91
17 59
60 89
24 45
59 91
15 17
34 67
45 63
8 37
70 92
25 88
4 44
6 52
7 48
19 91
44 74
19 90
68 72
53 53
31 33
1 100
37 60
48 65
1 38
98 98
