100 100
-7 8 8 -10 -7 0 2 -7 -8 6 7 8 6 -2 1 -8 -2 -10 -9 10 4 -3 -1 -2 5 -9 8 -3 10 -10 7 -6 -10 6 -3 9 5 5 -7 -3 0 0 -9 -3 -6 -7 -10 -7 6 -1 -6 8 -3 9 9 2 4 2 -10 6 -7 0 3 -9 2 4 -6 10 9 -5 2 4 1 8 2 5 5 10 -4 1 -2 -6 -6 -6 -7 -6 9 1 5 -1 0 10 -6 4 -5 -9 -9 -9 -1 0
32 89
70 98
38 62
18 55
3 86
7 75
48 68
46 68
54 61
72 90
47 100
22 46
67 91
14 27
3 23
76 89
33 91
39 65
33 59
52 84
1 63
32 88
28 43
80 89
19 68
46 96
49 69
22 79
23 95
74 89
26 32
22 96
48 52
3 72
16 21
43 74
38 65
22 47
19 28
59 81
75 87
12 68
28 52
14 18
71 72
40 47
57 85
19 21
15 17
13 49
36 73
4 95
75 77
10 75
22 91
9 75
56 74
5 59
21 97
29 30
25 68
7 11
2 56
1 93
67 84
79 99
29 71
19 59
7 52
49 59
79 98
61 88
22 34
46 97
24 88
50 95
72 95
49 80
64 71
50 88
30 85
20 85
62 78
2 98
35 87
15 79
99 99
48 76
1 50
27 64
37 42
14 43
30 83
19 41
13 52
23 99
10 41
57 87
35 98
79 97
