100 100
814 -177 548 -282 -334 -201 -838 -397 -186 551 -536 853 -735 -350 -894 906 451 -973 -978 67 541 -391 -706 766 -841 -499 -821 355 344 621 -510 -136 -159 505 115 660 721 -242 454 -807 -460 -488 -737 184 -890 -47 -397 -24 -476 -83 -88 49 367 -116 391 706 -433 -133 -240 654 -638 19 577 -828 -887 320 394 -587 558 695 555 363 -481 -644 -252 -861 175 -981 -455 784 -258 -733 -606 559 -80 851 -911 431 600 -18 -847 -61 38 766 -387 -23 155 -171 919 -652
48 65
4 79
44 56
16 52
15 54
65 69
28 54
13 33
15 40
16 96
13 19
58 91
10 55
46 92
9 89
46 81
73 88
10 40
43 91
48 70
59 70
33 72
3 76
64 74
25 77
1 17
31 80
24 96
46 51
60 96
56 86
10 46
63 96
58 87
16 83
91 100
9 82
10 16
63 64
40 95
7 94
43 45
26 73
75 85
4 31
12 96
36 45
36 40
2 54
19 85
41 54
69 93
10 61
10 95
10 87
6 46
9 33
24 24
62 84
4 53
2 52
43 65
7 55
4 26
23 59
26 78
14 38
2 50
12 99
25 62
38 98
5 100
32 41
17 84
64 81
50 65
37 99
7 32
79 81
8 29
25 69
39 67
25 64
67 93
52 86
43 50
43 56
29 83
71 74
42 45
37 97
37 83
40 93
5 74
24 45
35 94
26 82
39 99
70 97
90 91
