100 100
0 1 2 2 1 3 0 2 -1 1 1 -1 0 -1 3 -3 3 -2 -1 0 2 2 0 0 0 -1 3 2 -3 -1 -3 1 -3 -1 2 3 2 -3 3 3 3 0 2 2 0 0 2 1 -3 2 1 1 -2 0 3 2 0 -3 -1 0 -2 -2 2 2 0 -2 0 -3 -3 -1 1 -2 1 -2 1 -1 3 3 1 0 -1 1 0 3 1 -3 -3 3 1 1 1 -2 -2 -1 -3 2 -1 1 -1 -1
4 58
44 64
96 99
11 66
21 64
17 100
59 66
26 42
47 48
25 63
16 34
12 68
32 66
14 78
20 95
37 67
2 83
10 63
68 84
10 98
88 98
47 51
6 98
46 61
2 74
4 45
29 98
13 36
30 49
12 69
32 89
42 92
7 22
57 70
57 87
27 51
53 92
10 93
9 58
28 93
1 32
67 85
14 65
72 85
27 29
19 40
56 59
3 17
37 83
1 15
57 68
28 71
29 74
44 97
25 76
40 58
60 90
58 64
23 90
69 96
45 45
85 98
12 70
30 77
42 82
40 68
25 89
32 59
89 97
59 70
66 73
51 54
24 96
40 65
43 62
48 61
2 48
31 72
29 67
30 39
62 75
43 88
11 14
10 30
36 57
56 60
4 58
66 97
33 66
23 44
15 90
10 37
44 99
27 90
54 81
45 71
10 11
36 92
47 72
85 100
